bbox = [[-20.000000,-19.890400,-19.890400],[20.000000,19.890400,19.890400]];
model_size = [40.000000,39.780800,39.780800];
model_path = "../models/sphere.off";
infill_mode = 0;
